1652587
1293544
1292343
2156528
1291555
1419297
1309046
1781636
1781636
1781636
1428576
1393859
1782004
2138507
1883755
3190880
1292272
1431718
2153527
1998799
1870436
1870436
3103678
2326676
3920977
1431699
3335371
2138382
2138382
1428578
1860377
1817169
1301509
1768351
2078864
1807959
1293691
1465037
1470600
2085721
2085721
3003137
1310174
1310174
1438760
1292790
3882715
3990470
3560787
1845625
1845625
1845625
1764730
1477894
1316505
2156663
1997685
1292331
1863947
1417946
3011225
1439831
1300395
3609075
1451430
1876781
1431683
3607666
1431685
1786739
1449381
1863923
1863941
4057312
3314870
3314870
1431946
1796939
1304397
1301174
1308988
2156704
1307528
1337286
1436900
3111355
1837856
2032236
2154096
1303053
1394819
3198015
1864810
1307072
1756584
2043126
1781597
1781597
1305088
2156754
2156754
2156754
1878360
2212156
2212156
2212156
2154859
1408100
1408100
1408100
2148391
4888039
2148394
2148394
1782142
2154868
2154868
1899125
1899125
3986493
1482394
1781621
1293764
4074158
2978224
1786743
1296935
2190914
1295428
1295428
1307847
3901388
3901388
1498604
1498604
3873960
1431716
1431719
1304900
1979063
1979063
1963067
1790373
4164444
1457573
1963070
2239286
1829626
2249531
2249531
1470591
2983389
1856299
1860528
2157130
2018131
1915312
2154743
2154743
1800597
1308543
1428580
1483507
2147121
1782006
3006302
2270390
1761854
2253613
2253613
2181930
1817253
1457707
1786742
1478186
1431714
1431714
2157131
1470614
2038365
2190934
2286012
